1.000000
0.999695
0.998782
0.997261
0.995134
0.992404
0.989074
0.985148
0.980631
0.975528
0.969846
0.963592
0.956773
0.949397
0.941474
0.933013
0.924024
0.914519
0.904508
0.894005
0.883022
0.871572
0.859670
0.847329
0.834565
0.821394
0.807831
0.793893
0.779596
0.764960
0.750000
0.734736
0.719186
0.703368
0.687303
0.671010
0.654508
0.637819
0.620961
0.603956
0.586824
0.569587
0.552264
0.534878
0.517450
0.500000
0.482550
0.465122
0.447736
0.430413
0.413176
0.396044
0.379039
0.362181
0.345492
0.328990
0.312697
0.296632
0.280814
0.265264
0.250000
0.235040
0.220404
0.206107
0.192169
0.178606
0.165435
0.152671
0.140330
0.128428
0.116978
0.105995
0.095492
0.085481
0.075976
0.066987
0.058526
0.050603
0.043227
0.036408
0.030154
0.024472
0.019369
0.014852
0.010926
0.007596
0.004866
0.002739
0.001218
0.000305
0.000000
0.000305
0.001218
0.002739
0.004866
0.007596
0.010926
0.014852
0.019369
0.024472
0.030154
0.036408
0.043227
0.050603
0.058526
0.066987
0.075976
0.085481
0.095492
0.105995
0.116978
0.128428
0.140330
0.152671
0.165435
0.178606
0.192169
0.206107
0.220404
0.235040
0.250000
0.265264
0.280814
0.296632
0.312697
0.328990
0.345492
0.362181
0.379039
0.396044
0.413176
0.430413
0.447736
0.465122
0.482550
0.500000
0.517450
0.534878
0.552264
0.569587
0.586824
0.603956
0.620961
0.637819
0.654508
0.671010
0.687303
0.703368
0.719186
0.734736
0.750000
0.764960
0.779596
0.793893
0.807831
0.821394
0.834565
0.847329
0.859670
0.871572
0.883022
0.894005
0.904508
0.914519
0.924024
0.933013
0.941474
0.949397
0.956773
0.963592
0.969846
0.975528
0.980631
0.985148
0.989074
0.992404
0.995134
0.997261
0.998782
0.999695
1.000000
