1.000000
0.999695
0.998782
0.997261
0.995134
0.992404
0.989074
0.985148
0.980631
0.975528
0.969846
0.963592
0.956773
0.949397
0.941474
0.933013
0.924024
0.914519
0.904508
0.894005
0.883022
0.871572
0.859670
0.847329
0.834565
0.821394
0.807831
0.793893
0.779596
0.764960
0.750000
0.734736
0.719186
0.703368
0.687303
0.671010
0.654508
0.637819
0.620961
0.603956
0.586824
0.569587
0.552264
0.534878
0.517450
0.500000
0.482550
0.465122
0.447736
0.430413
0.413176
0.396044
0.379039
0.362181
0.345492
0.328990
0.312697
0.296632
0.280814
0.265264
0.250000
0.235040
0.220404
0.206107
0.192169
0.178606
0.165435
0.152671
0.140330
0.128428
0.116978
0.105995
0.095492
0.085481
0.075976
0.066987
0.058526
0.050603
0.043227
0.036408
0.030154
0.024472
0.019369
0.014852
0.010926
0.007596
0.004866
0.002739
0.001218
0.000305
0.000000
0.000305
0.001218
0.002739
0.004866
0.007596
0.010926
0.014852
0.019369
0.024472
0.030154
0.036408
0.043227
0.050603
0.058526
0.066987
0.075976
0.085481
0.095492
0.105995
0.116978
0.128428
0.140330
0.152671
0.165435
0.178606
0.192169
0.206107
0.220404
0.235040
0.250000
0.265264
0.280814
0.296632
0.312697
0.328990
0.345492
0.362181
0.379039
0.396044
0.413176
0.430413
0.447736
0.465122
0.482550
0.500000
0.517450
0.534878
0.552264
0.569587
0.586824
0.603956
0.620961
0.637819
0.654508
0.671010
0.687303
0.703368
0.719186
0.734736
0.750000
0.764960
0.779596
0.793893
0.807831
0.821394
0.834565
0.847329
0.859670
0.871572
0.883022
0.894005
0.904508
0.914519
0.924024
0.933013
0.941474
0.949397
0.956773
0.963592
0.969846
0.975528
0.980631
0.985148
0.989074
0.992404
0.995134
0.997261
0.998782
0.999695
1.000000
37.000000
102.000000
92.000000
110.000000
0.000000
-0.000044
-0.000177
-0.000397
-0.000705
-0.001099
-0.001577
-0.002138
-0.002780
-0.003501
-0.004299
-0.005170
-0.006112
-0.007122
-0.008196
-0.009332
-0.010525
-0.011773
-0.013071
-0.014416
-0.015804
-0.017232
-0.018695
-0.020189
-0.021712
-0.023257
-0.024823
-0.026405
-0.027998
-0.029599
-0.031204
-0.032809
-0.034410
-0.036002
-0.037582
-0.039145
-0.040686
-0.042202
-0.043688
-0.045140
-0.046552
-0.047921
-0.049241
-0.050507
-0.051716
-0.052862
-0.053939
-0.054944
-0.055872
-0.056718
-0.057477
-0.058144
-0.058716
-0.059188
-0.059557
-0.059818
-0.059968
-0.060005
-0.059925
-0.059727
-0.059407
-0.058966
-0.058401
-0.057712
-0.056899
-0.055962
-0.054901
-0.053719
-0.052416
-0.050995
-0.049459
-0.047809
-0.046049
-0.044182
-0.042213
-0.040145
-0.037982
-0.035729
-0.033389
-0.030967
-0.028467
-0.025893
-0.023250
-0.020541
-0.017770
-0.014940
-0.012054
-0.009114
-0.006125
-0.003086
0.000000
0.003086
0.006125
0.009114
0.012054
0.014940
0.017770
0.020541
0.023250
0.025893
0.028467
0.030967
0.033389
0.035729
0.037982
0.040145
0.042213
0.044182
0.046049
0.047809
0.049459
0.050995
0.052416
0.053719
0.054901
0.055962
0.056899
0.057712
0.058401
0.058966
0.059407
0.059727
0.059925
0.060005
0.059968
0.059818
0.059557
0.059188
0.058716
0.058144
0.057477
0.056718
0.055872
0.054944
0.053939
0.052862
0.051716
0.050507
0.049241
0.047921
0.046552
0.045140
0.043688
0.042202
0.040686
0.039145
0.037582
0.036002
0.034410
0.032809
0.031204
0.029599
0.027998
0.026405
0.024823
0.023257
0.021712
0.020189
0.018695
0.017232
0.015804
0.014416
0.013071
0.011773
0.010525
0.009332
0.008196
0.007122
0.006112
0.005170
0.004299
0.003501
0.002780
0.002138
0.001577
0.001099
0.000705
0.000397
0.000177
0.000044
0.000000
