0.000000
-0.000044
-0.000177
-0.000397
-0.000705
-0.001099
-0.001577
-0.002138
-0.002780
-0.003501
-0.004299
-0.005170
-0.006112
-0.007122
-0.008196
-0.009332
-0.010525
-0.011773
-0.013071
-0.014416
-0.015804
-0.017232
-0.018695
-0.020189
-0.021712
-0.023257
-0.024823
-0.026405
-0.027998
-0.029599
-0.031204
-0.032809
-0.034410
-0.036002
-0.037582
-0.039145
-0.040686
-0.042202
-0.043688
-0.045140
-0.046552
-0.047921
-0.049241
-0.050507
-0.051716
-0.052862
-0.053939
-0.054944
-0.055872
-0.056718
-0.057477
-0.058144
-0.058716
-0.059188
-0.059557
-0.059818
-0.059968
-0.060005
-0.059925
-0.059727
-0.059407
-0.058966
-0.058401
-0.057712
-0.056899
-0.055962
-0.054901
-0.053719
-0.052416
-0.050995
-0.049459
-0.047809
-0.046049
-0.044182
-0.042213
-0.040145
-0.037982
-0.035729
-0.033389
-0.030967
-0.028467
-0.025893
-0.023250
-0.020541
-0.017770
-0.014940
-0.012054
-0.009114
-0.006125
-0.003086
0.000000
0.003086
0.006125
0.009114
0.012054
0.014940
0.017770
0.020541
0.023250
0.025893
0.028467
0.030967
0.033389
0.035729
0.037982
0.040145
0.042213
0.044182
0.046049
0.047809
0.049459
0.050995
0.052416
0.053719
0.054901
0.055962
0.056899
0.057712
0.058401
0.058966
0.059407
0.059727
0.059925
0.060005
0.059968
0.059818
0.059557
0.059188
0.058716
0.058144
0.057477
0.056718
0.055872
0.054944
0.053939
0.052862
0.051716
0.050507
0.049241
0.047921
0.046552
0.045140
0.043688
0.042202
0.040686
0.039145
0.037582
0.036002
0.034410
0.032809
0.031204
0.029599
0.027998
0.026405
0.024823
0.023257
0.021712
0.020189
0.018695
0.017232
0.015804
0.014416
0.013071
0.011773
0.010525
0.009332
0.008196
0.007122
0.006112
0.005170
0.004299
0.003501
0.002780
0.002138
0.001577
0.001099
0.000705
0.000397
0.000177
0.000044
0.000000
