0.925221 0.924752 0.923828
0.922568 0.920930 0.918866
0.916339 0.913321 0.909794
0.905747 0.901171 0.896062
0.890418 0.884240 0.877529
0.870289 0.862524 0.854242
0.845448 0.836152 0.826364
0.816092 0.805349 0.794146
0.782497 0.770414 0.757912
0.745006 0.731711 0.718044
0.704020 0.689658 0.674974
0.659987 0.644716 0.629179
0.613396 0.597386 0.581171
0.564770 0.548204 0.531495
0.514665 0.497735 0.480728
0.463667 0.446574 0.429473
0.412387 0.395340 0.378356
0.361460 0.344675 0.328026
0.311538 0.295236 0.279143
0.263285 0.247686 0.232370
0.217362 0.202685 0.188363
0.174420 0.160877 0.147757
0.135082 0.122872 0.111148
0.099930 0.089236 0.079084
0.069491 0.060474 0.052047
0.044224 0.037020 0.030447
0.024514 0.019234 0.014613
0.010661 0.007380 0.004770
0.002814 0.001437 0.001732
0.003497 0.005931 0.009127
0.013089 0.017787 0.023196
0.029295 0.036070 0.043511
0.051608 0.060353 0.069738
0.079752 0.090384 0.101621
0.113452 0.125861 0.138833
0.152351 0.166399 0.180958
0.196009 0.211533 0.227508
0.243912 0.260725 0.277922
0.295481 0.313378 0.331589
0.350088 0.368851 0.387853
0.407069 0.426472 0.446038
0.465741 0.485556 0.505457
0.525419 0.545417 0.565427
0.585424 0.605384 0.625283
0.645098 0.664805 0.684382
0.703807 0.723058 0.742113
0.760952 0.779553 0.797897
0.815964 0.833734 0.851190
0.868312 0.885084 0.901487
0.917505 0.933121 0.948321
0.963088 0.977409 0.991270
1.004656 1.017557 1.029959
1.041852 1.053225 1.064070
1.074376 1.084138 1.093347
1.101999 1.110089 1.117613
1.124570 1.130958 1.136779
1.142036 1.146732 1.150875
1.154476 1.157550 1.160117
1.162208 1.163863 1.165132
1.166059 1.166529 0.241308
0.999848 0.999239 0.998021
0.996197 0.993769 0.990739
0.987111 0.982889 0.978080
0.972687 0.966719 0.960182
0.953085 0.945435 0.937243
0.928518 0.919271 0.909514
0.899257 0.888514 0.877297
0.865621 0.853500 0.840947
0.827980 0.814612 0.800862
0.786745 0.772278 0.757480
0.742368 0.726961 0.711277
0.695336 0.679157 0.662759
0.646164 0.629390 0.612458
0.595390 0.578205 0.560925
0.543571 0.526164 0.508725
0.491275 0.473836 0.456429
0.439075 0.421795 0.404610
0.387542 0.370610 0.353836
0.337241 0.320843 0.304664
0.288723 0.273039 0.257632
0.242520 0.227722 0.213255
0.199138 0.185388 0.172020
0.159053 0.146500 0.134379
0.122703 0.111486 0.100743
0.090486 0.080729 0.071482
0.062757 0.054565 0.046915
0.039818 0.033281 0.027313
0.021920 0.017111 0.012889
0.009261 0.006231 0.001979
0.000761 0.000152 0.000152
0.000761 0.001979 0.003803
0.006231 0.009261 0.012889
0.017111 0.021920 0.027313
0.033281 0.039818 0.046915
0.054565 0.062757 0.071482
0.080729 0.090486 0.100743
0.111486 0.122703 0.134379
0.146500 0.159053 0.172020
0.185388 0.199138 0.213255
0.227722 0.242520 0.257632
0.273039 0.288723 0.304664
0.320843 0.337241 0.353836
0.370610 0.387542 0.404610
0.421795 0.439075 0.456429
0.473836 0.491275 0.508725
0.526164 0.543571 0.560925
0.578205 0.595390 0.612458
0.629390 0.646164 0.662759
0.679157 0.695336 0.711277
0.726961 0.742368 0.757480
0.772278 0.786745 0.800862
0.814612 0.827980 0.840947
0.853500 0.865621 0.877297
0.888514 0.899257 0.909514
0.919271 0.928518 0.937243
0.945435 0.953085 0.960182
0.966719 0.972687 0.978080
0.982889 0.987111 0.990739
0.993769 0.996197 0.998021
0.999239 0.999848 -0.000022
-0.000111 -0.000287 -0.000551
-0.000902 -0.001338 -0.001858
-0.002459 -0.003141 -0.003900
-0.004734 -0.005641 -0.006617
-0.007659 -0.008764 -0.009928
-0.011149 -0.012422 -0.013744
-0.015110 -0.016518 -0.017963
-0.019442 -0.020951 -0.022485
-0.024040 -0.025614 -0.027201
-0.028799 -0.030402 -0.032007
-0.033610 -0.035206 -0.036792
-0.038363 -0.039915 -0.041444
-0.042945 -0.044414 -0.045846
-0.047236 -0.048581 -0.049874
-0.051112 -0.052289 -0.053400
-0.054442 -0.055408 -0.056295
-0.057097 -0.057810 -0.058430
-0.058952 -0.059372 -0.059687
-0.059893 -0.059987 -0.059965
-0.059826 -0.059567 -0.059187
-0.058683 -0.058056 -0.057305
-0.056430 -0.055431 -0.054310
-0.053068 -0.051706 -0.050227
-0.048634 -0.046929 -0.045116
-0.043198 -0.041179 -0.039064
-0.036855 -0.034559 -0.032178
-0.029717 -0.027180 -0.024572
-0.021896 -0.019155 -0.016355
-0.013497 -0.007620 -0.004605
-0.001543 0.001543 0.004605
0.007620 0.010584 0.013497
0.016355 0.019155 0.021896
0.024572 0.027180 0.029717
0.032178 0.034559 0.036855
0.039064 0.041179 0.043198
0.045116 0.046929 0.048634
0.050227 0.051706 0.053068
0.054310 0.055431 0.056430
0.057305 0.058056 0.058683
0.059187 0.059567 0.059826
0.059965 0.059987 0.059893
0.059687 0.059372 0.058952
0.058430 0.057810 0.057097
0.056295 0.055408 0.054442
0.053400 0.052289 0.051112
0.049874 0.048581 0.047236
0.045846 0.044414 0.042945
0.041444 0.039915 0.038363
0.036792 0.035206 0.033610
0.032007 0.030402 0.028799
0.027201 0.025614 0.024040
0.022485 0.020951 0.019442
0.017963 0.016518 0.015110
0.013744 0.012422 0.011149
0.009928 0.008764 0.007659
0.006617 0.005641 0.004734
0.003900 0.003141 0.002459
0.001858 0.001338 0.000902
0.000551 0.000287 0.000111
0.000022 